0	2	1.98
0.01	2.0002	1.9602
0.02	2.0006	1.94061
0.03	2.00119	1.92121
0.04	2.00198	1.90202
0.05	2.00296	1.88303
0.06	2.00413	1.86423
0.07	2.00549	1.84564
0.08	2.00704	1.82725
0.09	2.00877	1.80906
0.1	2.01069	1.79107
0.11	2.01279	1.77327
0.12	2.01507	1.75567
0.13	2.01754	1.73827
0.14	2.02018	1.72106
0.15	2.02299	1.70405
0.16	2.02599	1.68723
0.17	2.02916	1.6706
0.18	2.0325	1.65417
0.19	2.03601	1.63792
0.2	2.0397	1.62187
0.21	2.04355	1.606
0.22	2.04758	1.59033
0.23	2.05177	1.57484
0.24	2.05614	1.55953
0.25	2.06066	1.54441
0.26	2.06536	1.52947
0.27	2.07022	1.51471
0.28	2.07524	1.50013
0.29	2.08043	1.48573
0.3	2.08578	1.47151
0.31	2.09129	1.45747
0.32	2.09696	1.4436
0.33	2.1028	1.42991
0.34	2.10879	1.41639
0.35	2.11494	1.40304
0.36	2.12126	1.38986
0.37	2.12773	1.37685
0.38	2.13436	1.364
0.39	2.14114	1.35133
0.4	2.14809	1.33881
0.41	2.15519	1.32646
0.42	2.16245	1.31428
0.43	2.16986	1.30225
0.44	2.17743	1.29038
0.45	2.18516	1.27867
0.46	2.19304	1.26712
0.47	2.20108	1.25572
0.48	2.20927	1.24448
0.49	2.21761	1.23339
0.5	2.22611	1.22245
0.51	2.23477	1.21166
0.52	2.24358	1.20102
0.53	2.25254	1.19053
0.54	2.26166	1.18018
0.55	2.27093	1.16998
0.56	2.28035	1.15992
0.57	2.28993	1.15
0.58	2.29966	1.14022
0.59	2.30955	1.13058
0.6	2.31959	1.12108
0.61	2.32978	1.11172
0.62	2.34013	1.1025
0.63	2.35063	1.0934
0.64	2.36129	1.08444
0.65	2.37209	1.07562
0.66	2.38306	1.06692
0.67	2.39418	1.05835
0.68	2.40545	1.04992
0.69	2.41688	1.04161
0.7	2.42846	1.03342
0.71	2.44019	1.02536
0.72	2.45208	1.01743
0.73	2.46413	1.00961
0.74	2.47633	1.00192
0.75	2.48869	0.99435
0.76	2.50121	0.986899
0.77	2.51388	0.979565
0.78	2.5267	0.972349
0.79	2.53968	0.96525
0.8	2.55282	0.958265
0.81	2.56612	0.951395
0.82	2.57958	0.944638
0.83	2.59319	0.937993
0.84	2.60696	0.93146
0.85	2.62089	0.925037
0.86	2.63497	0.918724
0.87	2.64922	0.912519
0.88	2.66362	0.906421
0.89	2.67819	0.900431
0.9	2.69291	0.894546
0.91	2.7078	0.888766
0.92	2.72284	0.883091
0.93	2.73805	0.877519
0.94	2.75341	0.872049
0.95	2.76894	0.866682
0.96	2.78463	0.861415
0.97	2.80049	0.856248
0.98	2.8165	0.851182
0.99	2.83268	0.846214
1	2.84902	0.841344
1.01	2.86553	0.836571
1.02	2.88219	0.831896
1.03	2.89903	0.827316
1.04	2.91603	0.822832
1.05	2.93319	0.818443
1.06	2.95052	0.814149
1.07	2.96801	0.809948
1.08	2.98567	0.80584
1.09	3.0035	0.801825
1.1	3.02149	0.797902
1.11	3.03965	0.79407
1.12	3.05798	0.79033
1.13	3.07648	0.786681
1.14	3.09514	0.783122
1.15	3.11397	0.779652
1.16	3.13297	0.776272
1.17	3.15214	0.772982
1.18	3.17148	0.769779
1.19	3.19099	0.766666
1.2	3.21067	0.76364
1.21	3.23052	0.760702
1.22	3.25053	0.757851
1.23	3.27072	0.755088
1.24	3.29108	0.752411
1.25	3.31161	0.749822
1.26	3.33231	0.747318
1.27	3.35318	0.744901
1.28	3.37423	0.742571
1.29	3.39544	0.740326
1.3	3.41683	0.738167
1.31	3.43838	0.736095
1.32	3.46011	0.734108
1.33	3.48201	0.732206
1.34	3.50408	0.730391
1.35	3.52633	0.728661
1.36	3.54874	0.727017
1.37	3.57133	0.725459
1.38	3.59409	0.723986
1.39	3.61702	0.7226
1.4	3.64012	0.7213
1.41	3.6634	0.720086
1.42	3.68684	0.718958
1.43	3.71046	0.717917
1.44	3.73424	0.716963
1.45	3.7582	0.716097
1.46	3.78232	0.715317
1.47	3.80662	0.714626
1.48	3.83108	0.714022
1.49	3.85572	0.713507
1.5	3.88052	0.713081
1.51	3.90549	0.712744
1.52	3.93063	0.712496
1.53	3.95593	0.712339
1.54	3.9814	0.712273
1.55	4.00703	0.712298
1.56	4.03283	0.712415
1.57	4.0588	0.712625
1.58	4.08492	0.712927
1.59	4.11121	0.713324
1.6	4.13766	0.713815
1.61	4.16427	0.714401
1.62	4.19103	0.715083
1.63	4.21796	0.715862
1.64	4.24504	0.71674
1.65	4.27228	0.717715
1.66	4.29967	0.718791
1.67	4.32722	0.719967
1.68	4.35491	0.721244
1.69	4.38275	0.722625
1.7	4.41075	0.724109
1.71	4.43889	0.725698
1.72	4.46717	0.727393
1.73	4.49559	0.729195
1.74	4.52416	0.731106
1.75	4.55286	0.733127
1.76	4.5817	0.73526
1.77	4.61067	0.737505
1.78	4.63978	0.739864
1.79	4.66901	0.742339
1.8	4.69837	0.744931
1.81	4.72786	0.747642
1.82	4.75746	0.750473
1.83	4.78718	0.753427
1.84	4.81702	0.756505
1.85	4.84697	0.759709
1.86	4.87703	0.76304
1.87	4.90719	0.766501
1.88	4.93746	0.770094
1.89	4.96782	0.773821
1.9	4.99828	0.777683
1.91	5.02883	0.781684
1.92	5.05946	0.785824
1.93	5.09017	0.790108
1.94	5.12097	0.794536
1.95	5.15183	0.799112
1.96	5.18277	0.803838
1.97	5.21376	0.808716
1.98	5.24482	0.81375
1.99	5.27593	0.818941
2	5.30708	0.824293
2.01	5.33828	0.829809
2.02	5.36952	0.835491
2.03	5.40078	0.841343
2.04	5.43207	0.847367
2.05	5.46337	0.853567
2.06	5.49469	0.859947
2.07	5.52601	0.866508
2.08	5.55733	0.873255
2.09	5.58864	0.880192
2.1	5.61993	0.887321
2.11	5.6512	0.894647
2.12	5.68243	0.902172
2.13	5.71362	0.909902
2.14	5.74476	0.91784
2.15	5.77585	0.92599
2.16	5.80686	0.934356
2.17	5.8378	0.942941
2.18	5.86866	0.951752
2.19	5.89942	0.96079
2.2	5.93007	0.970062
2.21	5.96061	0.979572
2.22	5.99102	0.989324
2.23	6.0213	0.999322
2.24	6.05142	1.00957
2.25	6.08139	1.02008
2.26	6.11119	1.03085
2.27	6.1408	1.04188
2.28	6.17022	1.05319
2.29	6.19943	1.06477
2.3	6.22842	1.07663
2.31	6.25717	1.08878
2.32	6.28568	1.10123
2.33	6.31393	1.11397
2.34	6.3419	1.12701
2.35	6.36958	1.14036
2.36	6.39696	1.15403
2.37	6.42402	1.16802
2.38	6.45074	1.18233
2.39	6.47711	1.19697
2.4	6.50312	1.21195
2.41	6.52874	1.22728
2.42	6.55397	1.24295
2.43	6.57878	1.25898
2.44	6.60315	1.27536
2.45	6.62708	1.29212
2.46	6.65053	1.30924
2.47	6.6735	1.32674
2.48	6.69597	1.34463
2.49	6.71791	1.3629
2.5	6.73931	1.38157
2.51	6.76015	1.40063
2.52	6.78041	1.4201
2.53	6.80007	1.43999
2.54	6.81911	1.46028
2.55	6.83751	1.481
2.56	6.85525	1.50214
2.57	6.87232	1.52372
2.58	6.88868	1.54572
2.59	6.90433	1.56817
2.6	6.91924	1.59106
2.61	6.93339	1.6144
2.62	6.94675	1.63818
2.63	6.95932	1.66242
2.64	6.97107	1.68712
2.65	6.98197	1.71227
2.66	6.99202	1.73789
2.67	7.00118	1.76397
2.68	7.00944	1.79051
2.69	7.01678	1.81752
2.7	7.02319	1.84499
2.71	7.02863	1.87293
2.72	7.0331	1.90133
2.73	7.03657	1.9302
2.74	7.03902	1.95953
2.75	7.04045	1.98932
2.76	7.04082	2.01957
2.77	7.04013	2.05027
2.78	7.03836	2.08141
2.79	7.0355	2.113
2.8	7.03152	2.14503
2.81	7.02642	2.17749
2.82	7.02019	2.21037
2.83	7.0128	2.24367
2.84	7.00426	2.27737
2.85	6.99455	2.31147
2.86	6.98365	2.34595
2.87	6.97157	2.38081
2.88	6.9583	2.41603
2.89	6.94382	2.45159
2.9	6.92815	2.48748
2.91	6.91126	2.52369
2.92	6.89316	2.5602
2.93	6.87386	2.59698
2.94	6.85334	2.63403
2.95	6.83161	2.67133
2.96	6.80868	2.70884
2.97	6.78455	2.74656
2.98	6.75922	2.78445
2.99	6.73271	2.82249
3	6.70502	2.86067
3.01	6.67617	2.89895
3.02	6.64616	2.9373
3.03	6.61501	2.97571
3.04	6.58274	3.01413
3.05	6.54936	3.05255
3.06	6.5149	3.09094
3.07	6.47936	3.12926
3.08	6.44278	3.16748
3.09	6.40517	3.20557
3.1	6.36656	3.2435
3.11	6.32697	3.28124
3.12	6.28644	3.31875
3.13	6.24499	3.356
3.14	6.20265	3.39296
3.15	6.15945	3.4296
3.16	6.11542	3.46587
3.17	6.0706	3.50175
3.18	6.02502	3.53721
3.19	5.97871	3.57221
3.2	5.93171	3.60671
3.21	5.88406	3.64068
3.22	5.83579	3.6741
3.23	5.78694	3.70693
3.24	5.73755	3.73913
3.25	5.68766	3.77069
3.26	5.6373	3.80155
3.27	5.58652	3.83171
3.28	5.53536	3.86113
3.29	5.48385	3.88977
3.3	5.43203	3.91762
3.31	5.37995	3.94465
3.32	5.32764	3.97084
3.33	5.27514	3.99616
3.34	5.22249	4.02058
3.35	5.16973	4.0441
3.36	5.11689	4.06668
3.37	5.06401	4.08832
3.38	5.01114	4.10899
3.39	4.9583	4.12867
3.4	4.90552	4.14737
3.41	4.85285	4.16505
3.42	4.80032	4.18172
3.43	4.74795	4.19736
3.44	4.69579	4.21196
3.45	4.64386	4.22552
3.46	4.59218	4.23803
3.47	4.54079	4.24949
3.48	4.48972	4.2599
3.49	4.43899	4.26925
3.5	4.38862	4.27754
3.51	4.33865	4.28478
3.52	4.28908	4.29098
3.53	4.23995	4.29613
3.54	4.19127	4.30024
3.55	4.14307	4.30331
3.56	4.09536	4.30536
3.57	4.04815	4.3064
3.58	4.00147	4.30643
3.59	3.95532	4.30547
3.6	3.90973	4.30353
3.61	3.8647	4.30061
3.62	3.82024	4.29675
3.63	3.77637	4.29194
3.64	3.73309	4.28622
3.65	3.69042	4.27958
3.66	3.64836	4.27206
3.67	3.60691	4.26366
3.68	3.56609	4.25441
3.69	3.52589	4.24433
3.7	3.48632	4.23342
3.71	3.44739	4.22173
3.72	3.40909	4.20925
3.73	3.37144	4.19603
3.74	3.33442	4.18206
3.75	3.29804	4.16738
3.76	3.2623	4.15201
3.77	3.2272	4.13597
3.78	3.19273	4.11927
3.79	3.1589	4.10195
3.8	3.1257	4.08402
3.81	3.09313	4.0655
3.82	3.06118	4.04642
3.83	3.02986	4.02679
3.84	2.99916	4.00664
3.85	2.96907	3.98598
3.86	2.93958	3.96485
3.87	2.91071	3.94326
3.88	2.88242	3.92122
3.89	2.85474	3.89877
3.9	2.82763	3.87591
3.91	2.80111	3.85268
3.92	2.77516	3.82909
3.93	2.74978	3.80515
3.94	2.72496	3.78089
3.95	2.7007	3.75633
3.96	2.67698	3.73148
3.97	2.65381	3.70636
3.98	2.63117	3.681
3.99	2.60905	3.6554
4	2.58746	3.62958
4.01	2.56637	3.60356
4.02	2.5458	3.57736
4.03	2.52572	3.55099
4.04	2.50613	3.52447
4.05	2.48703	3.4978
4.06	2.4684	3.47102
4.07	2.45025	3.44412
4.08	2.43256	3.41713
4.09	2.41532	3.39005
4.1	2.39853	3.36291
4.11	2.38219	3.33571
4.12	2.36628	3.30846
4.13	2.3508	3.28118
4.14	2.33574	3.25387
4.15	2.32109	3.22656
4.16	2.30686	3.19924
4.17	2.29303	3.17194
4.18	2.27959	3.14465
4.19	2.26654	3.1174
4.2	2.25388	3.09018
4.21	2.2416	3.06301
4.22	2.22968	3.0359
4.23	2.21813	3.00885
4.24	2.20694	2.98188
4.25	2.19611	2.95498
4.26	2.18562	2.92817
4.27	2.17548	2.90146
4.28	2.16567	2.87485
4.29	2.1562	2.84835
4.3	2.14706	2.82196
4.31	2.13823	2.79569
4.32	2.12972	2.76955
4.33	2.12153	2.74353
4.34	2.11364	2.71766
4.35	2.10606	2.69192
4.36	2.09877	2.66633
4.37	2.09178	2.64089
4.38	2.08508	2.61561
4.39	2.07866	2.59048
4.4	2.07252	2.56551
4.41	2.06666	2.54071
4.42	2.06107	2.51608
4.43	2.05576	2.49162
4.44	2.0507	2.46734
4.45	2.04591	2.44323
4.46	2.04138	2.4193
4.47	2.0371	2.39556
4.48	2.03307	2.372
4.49	2.02929	2.34863
4.5	2.02575	2.32544
4.51	2.02245	2.30245
4.52	2.01939	2.27965
4.53	2.01657	2.25704
4.54	2.01398	2.23463
4.55	2.01162	2.21241
4.56	2.00948	2.19039
4.57	2.00757	2.16857
4.58	2.00587	2.14695
4.59	2.0044	2.12553
4.6	2.00314	2.10431
4.61	2.0021	2.08328
4.62	2.00126	2.06246
4.63	2.00064	2.04185
4.64	2.00022	2.02143
4.65	2.00001	2.00122
4.66	1.99999	1.9812
4.67	2.00018	1.96139
4.68	2.00057	1.94179
4.69	2.00115	1.92238
4.7	2.00193	1.90317
4.71	2.0029	1.88417
4.72	2.00406	1.86537
4.73	2.00541	1.84676
4.74	2.00694	1.82836
4.75	2.00866	1.81015
4.76	2.01057	1.79215
4.77	2.01266	1.77434
4.78	2.01493	1.75673
4.79	2.01738	1.73932
4.8	2.02001	1.7221
4.81	2.02282	1.70507
4.82	2.0258	1.68824
4.83	2.02896	1.6716
4.84	2.03229	1.65516
4.85	2.0358	1.6389
4.86	2.03947	1.62284
4.87	2.04332	1.60696
4.88	2.04733	1.59127
4.89	2.05152	1.57577
4.9	2.05587	1.56045
4.91	2.06039	1.54532
4.92	2.06507	1.53037
4.93	2.06992	1.5156
4.94	2.07493	1.50101
4.95	2.08011	1.4866
4.96	2.08545	1.47237
4.97	2.09095	1.45832
4.98	2.09661	1.44444
4.99	2.10244	1.43073
5	2.10842	1.4172
5.01	2.11457	1.40384
5.02	2.12087	1.39065
5.03	2.12733	1.37763
5.04	2.13395	1.36478
5.05	2.14073	1.35209
5.06	2.14766	1.33957
5.07	2.15476	1.32721
5.08	2.162	1.31501
5.09	2.16941	1.30297
5.1	2.17697	1.2911
5.11	2.18469	1.27938
5.12	2.19256	1.26782
5.13	2.20058	1.25641
5.14	2.20877	1.24516
5.15	2.2171	1.23406
5.16	2.22559	1.22311
5.17	2.23424	1.21231
5.18	2.24304	1.20166
5.19	2.25199	1.19116
5.2	2.2611	1.1808
5.21	2.27036	1.17059
5.22	2.27978	1.16052
5.23	2.28935	1.15059
5.24	2.29907	1.14081
5.25	2.30894	1.13116
5.26	2.31898	1.12165
5.27	2.32916	1.11228
5.28	2.3395	1.10305
5.29	2.34999	1.09395
5.3	2.36064	1.08498
5.31	2.37144	1.07615
5.32	2.38239	1.06744
5.33	2.3935	1.05887
5.34	2.40476	1.05042
5.35	2.41618	1.04211
5.36	2.42775	1.03391
5.37	2.43948	1.02585
5.38	2.45136	1.0179
5.39	2.4634	1.01008
5.4	2.47559	1.00238
5.41	2.48794	0.994805
5.42	2.50044	0.987346
5.43	2.5131	0.980006
5.44	2.52592	0.972783
5.45	2.53889	0.965676
5.46	2.55202	0.958684
5.47	2.56531	0.951807
5.48	2.57876	0.945044
5.49	2.59236	0.938392
5.5	2.60612	0.931852
5.51	2.62004	0.925423
5.52	2.63412	0.919103
5.53	2.64835	0.912891
5.54	2.66275	0.906787
5.55	2.6773	0.90079
5.56	2.69202	0.894899
5.57	2.70689	0.889113
5.58	2.72193	0.883431
5.59	2.73712	0.877853
5.6	2.75248	0.872377
5.61	2.768	0.867003
5.62	2.78368	0.861731
5.63	2.79952	0.856558
5.64	2.81553	0.851485
5.65	2.8317	0.846511
5.66	2.84803	0.841636
5.67	2.86452	0.836857
5.68	2.88118	0.832176
5.69	2.898	0.827591
5.7	2.91499	0.823101
5.71	2.93215	0.818706
5.72	2.94947	0.814406
5.73	2.96695	0.810199
5.74	2.9846	0.806086
5.75	3.00242	0.802065
5.76	3.0204	0.798136
5.77	3.03855	0.7943
5.78	3.05687	0.790554
5.79	3.07535	0.786899
5.8	3.09401	0.783334
5.81	3.11283	0.77986
5.82	3.13182	0.776474
5.83	3.15098	0.773178
5.84	3.17031	0.769971
5.85	3.18981	0.766852
5.86	3.20947	0.76382
5.87	3.22931	0.760877
5.88	3.24932	0.758021
5.89	3.2695	0.755253
5.9	3.28984	0.752571
5.91	3.31036	0.749976
5.92	3.33105	0.747467
5.93	3.35192	0.745045
5.94	3.37295	0.742709
5.95	3.39415	0.740459
5.96	3.41553	0.738296
5.97	3.43707	0.736218
5.98	3.45879	0.734225
5.99	3.48068	0.732319
6	3.50274	0.730498
6.01	3.52498	0.728763
6.02	3.54738	0.727114
6.03	3.56996	0.72555
6.04	3.59271	0.724073
6.05	3.61563	0.722681
6.06	3.63872	0.721376
6.07	3.66198	0.720157
6.08	3.68542	0.719024
6.09	3.70902	0.717978
6.1	3.7328	0.717019
6.11	3.75674	0.716147
6.12	3.78086	0.715362
6.13	3.80514	0.714665
6.14	3.8296	0.714056
6.15	3.85422	0.713535
6.16	3.87901	0.713104
6.17	3.90397	0.712761
6.18	3.9291	0.712509
6.19	3.95439	0.712346
6.2	3.97985	0.712275
6.21	4.00548	0.712294
6.22	4.03127	0.712405
6.23	4.05722	0.712609
6.24	4.08334	0.712906
6.25	4.10961	0.713297
6.26	4.13605	0.713782
6.27	4.16265	0.714363
6.28	4.18941	0.715039
6.29	4.21633	0.715813
6.3	4.2434	0.716684
6.31	4.27063	0.717653
6.32	4.29801	0.718723
6.33	4.32554	0.719893
6.34	4.35323	0.721164
6.35	4.38107	0.722538
6.36	4.40905	0.724016
6.37	4.43718	0.725599
6.38	4.46545	0.727287
6.39	4.49387	0.729083
6.4	4.52243	0.730988
6.41	4.55112	0.733002
6.42	4.57995	0.735127
6.43	4.60892	0.737366
6.44	4.63801	0.739718
6.45	4.66724	0.742186
6.46	4.69659	0.744771
6.47	4.72607	0.747474
6.48	4.75567	0.750299
6.49	4.78538	0.753245
6.5	4.81521	0.756315
6.51	4.84516	0.759511
6.52	4.87521	0.762835
6.53	4.90537	0.766288
6.54	4.93562	0.769873
6.55	4.96598	0.773591
6.56	4.99643	0.777446
6.57	5.02698	0.781438
6.58	5.0576	0.78557
6.59	5.08831	0.789845
6.6	5.1191	0.794264
6.61	5.14996	0.798831
6.62	5.18089	0.803548
6.63	5.21189	0.808417
6.64	5.24294	0.813441
6.65	5.27404	0.818623
6.66	5.3052	0.823965
6.67	5.33639	0.829471
6.68	5.36763	0.835143
6.69	5.39889	0.840984
6.7	5.43017	0.846998
6.71	5.46148	0.853187
6.72	5.4928	0.859555
6.73	5.52412	0.866106
6.74	5.55544	0.872842
6.75	5.58675	0.879766
6.76	5.61804	0.886884
6.77	5.64931	0.894198
6.78	5.68054	0.901711
6.79	5.71173	0.909429
6.8	5.74288	0.917354
6.81	5.77397	0.925491
6.82	5.80499	0.933843
6.83	5.83593	0.942416
6.84	5.86679	0.951212
6.85	5.89756	0.960237
6.86	5.92822	0.969495
6.87	5.95876	0.97899
6.88	5.98918	0.988727
6.89	6.01947	0.99871
6.9	6.0496	1.00895
6.91	6.07958	1.01944
6.92	6.10939	1.03019
6.93	6.13901	1.04121
6.94	6.16844	1.05249
6.95	6.19767	1.06406
6.96	6.22667	1.07591
6.97	6.25544	1.08804
6.98	6.28396	1.10046
6.99	6.31223	1.11319
7	6.34022	1.12621
7.01	6.36792	1.13955
7.02	6.39531	1.15319
7.03	6.42239	1.16716
7.04	6.44913	1.18145
7.05	6.47553	1.19608
7.06	6.50156	1.21104
7.07	6.5272	1.22634
7.08	6.55245	1.24199
7.09	6.57729	1.258
7.1	6.60169	1.27436
7.11	6.62564	1.29109
7.12	6.64913	1.30819
7.13	6.67213	1.32567
7.14	6.69462	1.34353
7.15	6.7166	1.36178
7.16	6.73803	1.38042
7.17	6.7589	1.39947
7.18	6.7792	1.41891
7.19	6.79889	1.43877
7.2	6.81797	1.45904
7.21	6.83641	1.47974
7.22	6.8542	1.50085
7.23	6.8713	1.5224
7.24	6.88771	1.54438
7.25	6.9034	1.5668
7.26	6.91836	1.58966
7.27	6.93255	1.61297
7.28	6.94597	1.63673
7.29	6.95858	1.66094
7.3	6.97038	1.68561
7.31	6.98134	1.71074
7.32	6.99143	1.73633
7.33	7.00065	1.76238
7.34	7.00897	1.78889
7.35	7.01637	1.81587
7.36	7.02283	1.84332
7.37	7.02833	1.87123
7.38	7.03285	1.8996
7.39	7.03638	1.92844
7.4	7.0389	1.95774
7.41	7.04039	1.98751
7.42	7.04083	2.01772
7.43	7.0402	2.0484
7.44	7.0385	2.07952
7.45	7.0357	2.11108
7.46	7.0318	2.14308
7.47	7.02676	2.17551
7.48	7.0206	2.20837
7.49	7.01328	2.24164
7.5	7.00481	2.27532
7.51	6.99517	2.3094
7.52	6.98435	2.34386
7.53	6.97234	2.37869
7.54	6.95914	2.41388
7.55	6.94473	2.44943
7.56	6.92913	2.4853
7.57	6.91232	2.52149
7.58	6.89429	2.55798
7.59	6.87506	2.59475
7.6	6.85461	2.63179
7.61	6.83296	2.66906
7.62	6.8101	2.70657
7.63	6.78604	2.74427
7.64	6.76079	2.78215
7.65	6.73435	2.82019
7.66	6.70673	2.85836
7.67	6.67795	2.89663
7.68	6.64801	2.93498
7.69	6.61693	2.97338
7.7	6.58473	3.01181
7.71	6.55141	3.05023
7.72	6.51701	3.08862
7.73	6.48154	3.12694
7.74	6.44502	3.16517
7.75	6.40747	3.20327
7.76	6.36892	3.24121
7.77	6.3294	3.27896
7.78	6.28892	3.31649
7.79	6.24752	3.35376
7.8	6.20524	3.39074
7.81	6.16209	3.42739
7.82	6.11811	3.46369
7.83	6.07333	3.4996
7.84	6.02779	3.53508
7.85	5.98153	3.5701
7.86	5.93457	3.60464
7.87	5.88696	3.63864
7.88	5.83872	3.6721
7.89	5.78991	3.70496
7.9	5.74055	3.7372
7.91	5.69069	3.7688
7.92	5.64036	3.79971
7.93	5.58961	3.82991
7.94	5.53846	3.85937
7.95	5.48697	3.88806
7.96	5.43517	3.91596
7.97	5.38311	3.94304
7.98	5.33081	3.96928
7.99	5.27832	3.99465
8	5.22568	4.01913
8.01	5.17292	4.0427
8.02	5.12009	4.06534
8.03	5.06721	4.08704
8.04	5.01434	4.10776
8.05	4.96149	4.12751
8.06	4.90871	4.14626
8.07	4.85604	4.16401
8.08	4.80349	4.18074
8.09	4.75112	4.19644
8.1	4.69894	4.21111
8.11	4.64699	4.22473
8.12	4.5953	4.2373
8.13	4.54389	4.24883
8.14	4.4928	4.2593
8.15	4.44205	4.26871
8.16	4.39166	4.27707
8.17	4.34166	4.28438
8.18	4.29207	4.29063
8.19	4.24291	4.29584
8.2	4.19421	4.30002
8.21	4.14597	4.30315
8.22	4.09823	4.30527
8.23	4.05099	4.30637
8.24	4.00428	4.30646
8.25	3.9581	4.30556
8.26	3.91247	4.30367
8.27	3.8674	4.30082
8.28	3.82291	4.29701
8.29	3.77901	4.29226
8.3	3.73569	4.28659
8.31	3.69298	4.28001
8.32	3.65088	4.27254
8.33	3.6094	4.26419
8.34	3.56854	4.25499
8.35	3.5283	4.24496
8.36	3.4887	4.23411
8.37	3.44973	4.22246
8.38	3.41139	4.21003
8.39	3.3737	4.19685
8.4	3.33664	4.18293
8.41	3.30022	4.16829
8.42	3.26444	4.15296
8.43	3.2293	4.13696
8.44	3.1948	4.1203
8.45	3.16093	4.10302
8.46	3.12769	4.08512
8.47	3.09508	4.06664
8.48	3.0631	4.04759
8.49	3.03174	4.02799
8.5	3.001	4.00787
8.51	2.97087	3.98725
8.52	2.94135	3.96614
8.53	2.91244	3.94458
8.54	2.88412	3.92257
8.55	2.85639	3.90014
8.56	2.82926	3.87731
8.57	2.8027	3.8541
8.58	2.77672	3.83052
8.59	2.7513	3.80661
8.6	2.72645	3.78237
8.61	2.70215	3.75782
8.62	2.6784	3.73299
8.63	2.65519	3.70789
8.64	2.63252	3.68254
8.65	2.61037	3.65695
8.66	2.58875	3.63115
8.67	2.56763	3.60514
8.68	2.54703	3.57895
8.69	2.52692	3.55259
8.7	2.5073	3.52607
8.71	2.48817	3.49942
8.72	2.46952	3.47264
8.73	2.45133	3.44575
8.74	2.43361	3.41877
8.75	2.41635	3.39169
8.76	2.39954	3.36455
8.77	2.38316	3.33735
8.78	2.36723	3.31011
8.79	2.35172	3.28283
8.8	2.33664	3.25553
8.81	2.32197	3.22821
8.82	2.30771	3.2009
8.83	2.29385	3.17359
8.84	2.28039	3.1463
8.85	2.26732	3.11905
8.86	2.25464	3.09183
8.87	2.24233	3.06465
8.88	2.23039	3.03754
8.89	2.21882	3.01049
8.9	2.20761	2.98351
8.91	2.19675	2.95661
8.92	2.18625	2.92979
8.93	2.17608	2.90307
8.94	2.16626	2.87646
8.95	2.15676	2.84995
8.96	2.1476	2.82355
8.97	2.13876	2.79727
8.98	2.13023	2.77112
8.99	2.12202	2.7451
9	2.11411	2.71922
9.01	2.10651	2.69347
9.02	2.0992	2.66787
9.03	2.09219	2.64243
9.04	2.08547	2.61713
9.05	2.07904	2.59199
9.06	2.07289	2.56702
9.07	2.06701	2.54221
9.08	2.0614	2.51757
9.09	2.05607	2.4931
9.1	2.051	2.4688
9.11	2.04619	2.44468
9.12	2.04164	2.42075
9.13	2.03735	2.39699
9.14	2.0333	2.37342
9.15	2.02951	2.35004
9.16	2.02596	2.32684
9.17	2.02265	2.30384
9.18	2.01957	2.28102
9.19	2.01673	2.2584
9.2	2.01413	2.23598
9.21	2.01175	2.21375
9.22	2.0096	2.19172
9.23	2.00768	2.16989
9.24	2.00597	2.14825
9.25	2.00448	2.12682
9.26	2.00321	2.10558
9.27	2.00216	2.08455
9.28	2.00131	2.06372
9.29	2.00067	2.04309
9.3	2.00024	2.02266
9.31	2.00001	2.00243
9.32	1.99999	1.98241
9.33	2.00017	1.96259
9.34	2.00054	1.94297
9.35	2.00111	1.92355
9.36	2.00187	1.90433
9.37	2.00283	1.88531
9.38	2.00398	1.8665
9.39	2.00532	1.84788
9.4	2.00684	1.82947
9.41	2.00855	1.81125
9.42	2.01045	1.79323
9.43	2.01253	1.77541
9.44	2.01479	1.75779
9.45	2.01723	1.74036
9.46	2.01985	1.72313
9.47	2.02264	1.7061
9.48	2.02562	1.68925
9.49	2.02876	1.6726
9.5	2.03208	1.65615
9.51	2.03558	1.63988
9.52	2.03924	1.6238
9.53	2.04308	1.60791
9.54	2.04708	1.59221
9.55	2.05126	1.5767
9.56	2.0556	1.56137
9.57	2.06011	1.54623
9.58	2.06478	1.53127
9.59	2.06962	1.51649
9.6	2.07462	1.50189
9.61	2.07979	1.48747
9.62	2.08512	1.47323
9.63	2.09061	1.45916
9.64	2.09627	1.44527
9.65	2.10208	1.43156
9.66	2.10806	1.41801
9.67	2.11419	1.40464
9.68	2.12048	1.39144
9.69	2.12694	1.37841
9.7	2.13355	1.36555
9.71	2.14031	1.35285
9.72	2.14724	1.34032
9.73	2.15432	1.32795
9.74	2.16156	1.31574
9.75	2.16896	1.3037
9.76	2.17651	1.29181
9.77	2.18422	1.28008
9.78	2.19208	1.26851
9.79	2.20009	1.25709
9.8	2.20827	1.24583
9.81	2.21659	1.23472
9.82	2.22508	1.22377
9.83	2.23371	1.21296
9.84	2.2425	1.2023
9.85	2.25145	1.19179
9.86	2.26054	1.18142
9.87	2.2698	1.1712
9.88	2.2792	1.16113
9.89	2.28876	1.15119
9.9	2.29848	1.1414
9.91	2.30834	1.13174
9.92	2.31836	1.12223
9.93	2.32854	1.11285
9.94	2.33887	1.1036
9.95	2.34935	1.0945
9.96	2.35999	1.08552
9.97	2.37078	1.07668
9.98	2.38172	1.06797
9.99	2.39282	1.05938
10	2.40408	1.05093
10.01	2.41548	1.04261
10.02	2.42705	1.03441
10.03	2.43876	1.02633
10.04	2.45064	1.01838
10.05	2.46267	1.01055
10.06	2.47485	1.00285
10.07	2.48719	0.99526
10.08	2.49968	0.987794
10.09	2.51233	0.980446
10.1	2.52514	0.973216
10.11	2.53811	0.966103
10.12	2.55123	0.959104
10.13	2.5645	0.95222
10.14	2.57794	0.94545
10.15	2.59153	0.938791
10.16	2.60528	0.932245
10.17	2.61919	0.925808
10.18	2.63326	0.919482
10.19	2.64749	0.913264
10.2	2.66187	0.907153
10.21	2.67642	0.90115
10.22	2.69112	0.895252
10.23	2.70599	0.88946
10.24	2.72101	0.883772
10.25	2.7362	0.878187
10.26	2.75155	0.872706
10.27	2.76705	0.867326
10.28	2.78273	0.862047
10.29	2.79856	0.856868
10.3	2.81455	0.851789
10.31	2.83071	0.846809
10.32	2.84703	0.841928
10.33	2.86352	0.837144
10.34	2.88017	0.832456
10.35	2.89698	0.827865
10.36	2.91396	0.82337
10.37	2.9311	0.818969
10.38	2.94841	0.814663
10.39	2.96589	0.810451
10.4	2.98353	0.806332
10.41	3.00133	0.802306
10.42	3.01931	0.798372
10.43	3.03745	0.794529
10.44	3.05576	0.790778
10.45	3.07423	0.787118
10.46	3.09287	0.783548
10.47	3.11169	0.780067
10.48	3.13067	0.776677
10.49	3.14982	0.773375
10.5	3.16913	0.770162
10.51	3.18862	0.767038
10.52	3.20828	0.764001
10.53	3.22811	0.761053
10.54	3.2481	0.758192
10.55	3.26827	0.755418
10.56	3.28861	0.752731
10.57	3.30912	0.75013
10.58	3.3298	0.747617
10.59	3.35065	0.745189
10.6	3.37167	0.742848
10.61	3.39286	0.740593
10.62	3.41423	0.738424
10.63	3.43577	0.736341
10.64	3.45747	0.734343
10.65	3.47935	0.732432
10.66	3.50141	0.730606
10.67	3.52363	0.728866
10.68	3.54602	0.727211
10.69	3.56859	0.725643
10.7	3.59133	0.72416
10.71	3.61424	0.722763
10.72	3.63732	0.721452
10.73	3.66057	0.720228
10.74	3.684	0.71909
10.75	3.70759	0.718039
10.76	3.73135	0.717074
10.77	3.75529	0.716197
10.78	3.7794	0.715407
10.79	3.80367	0.714705
10.8	3.82811	0.71409
10.81	3.85273	0.713564
10.82	3.87751	0.713127
10.83	3.90246	0.71278
10.84	3.92757	0.712522
10.85	3.95286	0.712354
10.86	3.97831	0.712276
10.87	4.00392	0.71229
10.88	4.0297	0.712396
10.89	4.05564	0.712594
10.9	4.08175	0.712886
10.91	4.10802	0.713271
10.92	4.13445	0.71375
10.93	4.16104	0.714325
10.94	4.18779	0.714995
10.95	4.21469	0.715763
10.96	4.24176	0.716628
10.97	4.26898	0.717592
10.98	4.29635	0.718655
10.99	4.32387	0.719819
11	4.35155	0.721084
11.01	4.37938	0.722452
11.02	4.40735	0.723924
11.03	4.43547	0.7255
11.04	4.46374	0.727182
11.05	4.49215	0.728971
11.06	4.52069	0.730869
11.07	4.54938	0.732877
11.08	4.5782	0.734996
11.09	4.60716	0.737227
11.1	4.63625	0.739572
11.11	4.66547	0.742033
11.12	4.69481	0.744611
11.13	4.72428	0.747308
11.14	4.75387	0.750124
11.15	4.78358	0.753063
11.16	4.81341	0.756126
11.17	4.84334	0.759314
11.18	4.87339	0.76263
11.19	4.90354	0.766076
11.2	4.93379	0.769652
11.21	4.96414	0.773363
11.22	4.99459	0.777209
11.23	5.02512	0.781192
11.24	5.05575	0.785316
11.25	5.08645	0.789582
11.26	5.11724	0.793993
11.27	5.14809	0.798551
11.28	5.17902	0.803258
11.29	5.21001	0.808118
11.3	5.24106	0.813133
11.31	5.27216	0.818305
11.32	5.30331	0.823637
11.33	5.3345	0.829133
11.34	5.36573	0.834795
11.35	5.397	0.840626
11.36	5.42828	0.846629
11.37	5.45959	0.852808
11.38	5.4909	0.859165
11.39	5.52222	0.865704
11.4	5.55354	0.872429
11.41	5.58485	0.879342
11.42	5.61615	0.886448
11.43	5.64741	0.89375
11.44	5.67865	0.901251
11.45	5.70985	0.908956
11.46	5.741	0.916869
11.47	5.77209	0.924992
11.48	5.80311	0.933332
11.49	5.83406	0.941891
11.5	5.86493	0.950673
11.51	5.8957	0.959684
11.52	5.92637	0.968928
11.53	5.95692	0.978409
11.54	5.98735	0.988131
11.55	6.01764	0.998099
11.56	6.04779	1.00832
11.57	6.07777	1.01879
11.58	6.10759	1.02953
11.59	6.13723	1.04053
11.6	6.16667	1.0518
11.61	6.1959	1.06335
11.62	6.22492	1.07518
11.63	6.25371	1.0873
11.64	6.28225	1.0997
11.65	6.31052	1.11241
11.66	6.33853	1.12542
11.67	6.36625	1.13873
11.68	6.39366	1.15236
11.69	6.42076	1.16631
11.7	6.44753	1.18058
11.71	6.47394	1.19518
11.72	6.49999	1.21012
11.73	6.52566	1.22541
11.74	6.55094	1.24104
11.75	6.5758	1.25702
11.76	6.60023	1.27336
11.77	6.62421	1.29007
11.78	6.64772	1.30715
11.79	6.67075	1.3246
11.8	6.69328	1.34244
11.81	6.71528	1.36067
11.82	6.73675	1.37929
11.83	6.75766	1.3983
11.84	6.77799	1.41773
11.85	6.79772	1.43756
11.86	6.81684	1.4578
11.87	6.83532	1.47847
11.88	6.85314	1.49956
11.89	6.87029	1.52108
11.9	6.88674	1.54304
11.91	6.90248	1.56543
11.92	6.91747	1.58827
11.93	6.93171	1.61155
11.94	6.94518	1.63528
11.95	6.95784	1.65947
11.96	6.96969	1.68411
11.97	6.9807	1.7092
11.98	6.99085	1.73476
11.99	7.00012	1.76079
12	7.00849	1.78727
12.01	7.01595	1.81423
12.02	7.02246	1.84164
12.03	7.02802	1.86952
12.04	7.03261	1.89787
12.05	7.0362	1.92668
12.06	7.03878	1.95596
12.07	7.04033	1.98569
12.08	7.04083	2.01588
12.09	7.04027	2.04653
12.1	7.03864	2.07762
12.11	7.0359	2.10916
12.12	7.03206	2.14113
12.13	7.0271	2.17354
12.14	7.021	2.20637
12.15	7.01376	2.23962
12.16	7.00536	2.27327
12.17	6.99578	2.30732
12.18	6.98503	2.34176
12.19	6.9731	2.37657
12.2	6.95997	2.41175
12.21	6.94564	2.44727
12.22	6.93011	2.48312
12.23	6.91337	2.51929
12.24	6.89542	2.55576
12.25	6.87626	2.59252
12.26	6.85588	2.62954
12.27	6.8343	2.6668
12.28	6.81152	2.70429
12.29	6.78753	2.74198
12.3	6.76235	2.77985
12.31	6.73598	2.81788
12.32	6.70844	2.85604
12.33	6.67972	2.89431
12.34	6.64985	2.93266
12.35	6.61884	2.97106
12.36	6.58671	3.00948
12.37	6.55346	3.04791
12.38	6.51912	3.0863
12.39	6.48372	3.12463
12.4	6.44726	3.16286
12.41	6.40977	3.20097
12.42	6.37128	3.23892
12.43	6.33181	3.27668
12.44	6.2914	3.31422
12.45	6.25005	3.35151
12.46	6.20782	3.38851
12.47	6.16472	3.42518
12.48	6.12079	3.4615
12.49	6.07606	3.49743
12.5	6.03057	3.53294
12.51	5.98435	3.568
12.52	5.93743	3.60256
12.53	5.88986	3.6366
12.54	5.84166	3.67009
12.55	5.79288	3.70299
12.56	5.74355	3.73527
12.57	5.69372	3.7669
12.58	5.64342	3.79786
12.59	5.59269	3.8281
12.6	5.54157	3.85761
12.61	5.4901	3.88635
12.62	5.43832	3.9143
12.63	5.38626	3.94143
12.64	5.33398	3.96772
12.65	5.2815	3.99314
12.66	5.22887	4.01768
12.67	5.17611	4.0413
12.68	5.12328	4.064
12.69	5.07041	4.08575
12.7	5.01753	4.10654
12.71	4.96469	4.12634
12.72	4.9119	4.14516
12.73	4.85922	4.16297
12.74	4.80667	4.17976
12.75	4.75428	4.19552
12.76	4.70209	4.21025
12.77	4.65013	4.22393
12.78	4.59842	4.23657
12.79	4.54699	4.24816
12.8	4.49588	4.25869
12.81	4.44511	4.26817
12.82	4.3947	4.27659
12.83	4.34467	4.28396
12.84	4.29506	4.29028
12.85	4.24587	4.29556
12.86	4.19714	4.29979
12.87	4.14888	4.30299
12.88	4.1011	4.30517
12.89	4.05383	4.30633
12.9	4.00709	4.30648
12.91	3.96088	4.30564
12.92	3.91521	4.30381
12.93	3.87011	4.30102
12.94	3.82559	4.29727
12.95	3.78165	4.29258
12.96	3.7383	4.28696
12.97	3.69555	4.28043
12.98	3.65341	4.27301
12.99	3.61189	4.26472
13	3.57099	4.25557
13.01	3.53072	4.24559
13.02	3.49108	4.23479
13.03	3.45207	4.22318
13.04	3.41369	4.2108
13.05	3.37596	4.19767
13.06	3.33886	4.18379
13.07	3.30241	4.1692
13.08	3.26659	4.15391
13.09	3.23141	4.13794
13.1	3.19687	4.12133
13.11	3.16296	4.10408
13.12	3.12968	4.08622
13.13	3.09704	4.06777
13.14	3.06502	4.04875
13.15	3.03362	4.02919
13.16	3.00284	4.0091
13.17	2.97268	3.98851
13.18	2.94312	3.96743
13.19	2.91417	3.94589
13.2	2.88581	3.92391
13.21	2.85805	3.90151
13.22	2.83088	3.8787
13.23	2.80429	3.85551
13.24	2.77827	3.83196
13.25	2.75282	3.80806
13.26	2.72794	3.78384
13.27	2.70361	3.75932
13.28	2.67982	3.7345
13.29	2.65658	3.70942
13.3	2.63388	3.68408
13.31	2.6117	3.65851
13.32	2.59004	3.63271
13.33	2.5689	3.60672
13.34	2.54826	3.58054
13.35	2.52812	3.55419
13.36	2.50848	3.52768
13.37	2.48931	3.50104
13.38	2.47063	3.47427
13.39	2.45242	3.44738
13.4	2.43467	3.4204
13.41	2.41738	3.39333
13.42	2.40054	3.3662
13.43	2.38414	3.339
13.44	2.36818	3.31176
13.45	2.35265	3.28448
13.46	2.33754	3.25718
13.47	2.32284	3.22986
13.48	2.30856	3.20255
13.49	2.29468	3.17524
13.5	2.2812	3.14795
13.51	2.2681	3.12069
13.52	2.25539	3.09347
13.53	2.24306	3.0663
13.54	2.2311	3.03918
13.55	2.21951	3.01212
13.56	2.20828	2.98514
13.57	2.1974	2.95823
13.58	2.18687	2.93141
13.59	2.17669	2.90469
13.6	2.16684	2.87806
13.61	2.15733	2.85155
13.62	2.14814	2.82514
13.63	2.13928	2.79886
13.64	2.13074	2.7727
13.65	2.1225	2.74667
13.66	2.11458	2.72078
13.67	2.10696	2.69503
13.68	2.09964	2.66942
13.69	2.09261	2.64396
13.7	2.08587	2.61866
13.71	2.07942	2.59351
13.72	2.07325	2.56852
13.73	2.06736	2.5437
13.74	2.06174	2.51905
13.75	2.05639	2.49457
13.76	2.0513	2.47027
13.77	2.04648	2.44614
13.78	2.04191	2.42219
13.79	2.0376	2.39842
13.8	2.03354	2.37484
13.81	2.02973	2.35145
13.82	2.02616	2.32824
13.83	2.02284	2.30522
13.84	2.01975	2.2824
13.85	2.0169	2.25977
13.86	2.01428	2.23733
13.87	2.01189	2.21509
13.88	2.00973	2.19305
13.89	2.00779	2.1712
13.9	2.00607	2.14956
13.91	2.00457	2.12811
13.92	2.00328	2.10686
13.93	2.00221	2.08582
13.94	2.00135	2.06497
13.95	2.0007	2.04433
13.96	2.00026	2.02389
13.97	2.00002	2.00365
13.98	1.99999	1.98361
13.99	2.00015	1.96378
14	2.00051	1.94415
14.01	2.00107	1.92472
14.02	2.00182	1.90549
14.03	2.00277	1.88646
14.04	2.00391	1.86763
14.05	2.00523	1.849
14.06	2.00675	1.83058
14.07	2.00845	1.81235
14.08	2.01033	1.79432
14.09	2.0124	1.77649
14.1	2.01465	1.75885
14.11	2.01708	1.74141
14.12	2.01968	1.72417
14.13	2.02247	1.70712
14.14	2.02543	1.69027
14.15	2.02857	1.67361
14.16	2.03188	1.65714
14.17	2.03536	1.64086
14.18	2.03902	1.62477
14.19	2.04284	1.60887
14.2	2.04684	1.59316
14.21	2.051	1.57763
14.22	2.05533	1.56229
14.23	2.05983	1.54714
14.24	2.06449	1.53217
14.25	2.06932	1.51737
14.26	2.07432	1.50276
14.27	2.07947	1.48833
14.28	2.08479	1.47408
14.29	2.09028	1.46001
14.3	2.09592	1.44611
14.31	2.10173	1.43238
14.32	2.10769	1.41883
14.33	2.11381	1.40545
14.34	2.1201	1.39224
14.35	2.12654	1.3792
14.36	2.13314	1.36632
14.37	2.1399	1.35361
14.38	2.14682	1.34107
14.39	2.15389	1.32869
14.4	2.16112	1.31648
14.41	2.16851	1.30442
14.42	2.17605	1.29252
14.43	2.18374	1.28079
14.44	2.1916	1.26921
14.45	2.19961	1.25778
14.46	2.20777	1.24651
14.47	2.21609	1.23539
14.48	2.22456	1.22442
14.49	2.23318	1.21361
14.5	2.24197	1.20294
14.51	2.2509	1.19242
14.52	2.25999	1.18205
14.53	2.26923	1.17182
14.54	2.27863	1.16173
14.55	2.28818	1.15179
14.56	2.29788	1.14198
14.57	2.30774	1.13232
14.58	2.31775	1.1228
14.59	2.32792	1.11341
14.6	2.33824	1.10416
14.61	2.34871	1.09504
14.62	2.35934	1.08606
14.63	2.37012	1.07721
14.64	2.38106	1.06849
14.65	2.39215	1.0599
14.66	2.40339	1.05144
14.67	2.41479	1.04311
14.68	2.42634	1.0349
14.69	2.43805	1.02682
14.7	2.44991	1.01886
14.71	2.46193	1.01102
14.72	2.47411	1.00331
14.73	2.48644	0.995715
14.74	2.49892	0.988242
14.75	2.51156	0.980887
14.76	2.52436	0.97365
14.77	2.53732	0.96653
14.78	2.55043	0.959524
14.79	2.5637	0.952633
14.8	2.57712	0.945856
14.81	2.5907	0.939191
14.82	2.60445	0.932638
14.83	2.61835	0.926195
14.84	2.6324	0.919861
14.85	2.64662	0.913637
14.86	2.661	0.90752
14.87	2.67553	0.90151
14.88	2.69023	0.895606
14.89	2.70508	0.889808
14.9	2.7201	0.884113
14.91	2.73527	0.878522
14.92	2.75061	0.873034
14.93	2.76611	0.867648
14.94	2.78177	0.862363
14.95	2.7976	0.857179
14.96	2.81358	0.852094
14.97	2.82973	0.847108
14.98	2.84604	0.84222
14.99	2.86252	0.83743
15	2.87916	0.832737
15.01	2.89596	0.82814
15.02	2.91293	0.823639
15.03	2.93006	0.819233
15.04	2.94736	0.814921
15.05	2.96483	0.810703
15.06	2.98246	0.806578
15.07	3.00025	0.802547
15.08	3.01822	0.798607
15.09	3.03635	0.794759
15.1	3.05464	0.791002
15.11	3.07311	0.787336
15.12	3.09174	0.783761
15.13	3.11054	0.780275
15.14	3.12951	0.776879
15.15	3.14865	0.773572
15.16	3.16796	0.770354
15.17	3.18744	0.767224
15.18	3.20708	0.764183
15.19	3.2269	0.761229
15.2	3.24689	0.758362
15.21	3.26705	0.755583
15.22	3.28737	0.752891
15.23	3.30787	0.750285
15.24	3.32854	0.747766
15.25	3.34938	0.745334
15.26	3.37039	0.742987
15.27	3.39158	0.740727
15.28	3.41293	0.738553
15.29	3.43446	0.736464
15.3	3.45616	0.734462
15.31	3.47802	0.732545
15.32	3.50007	0.730714
15.33	3.52228	0.728968
15.34	3.54466	0.727309
15.35	3.56722	0.725735
15.36	3.58995	0.724247
15.37	3.61285	0.722845
15.38	3.63592	0.721529
15.39	3.65916	0.7203
15.4	3.68257	0.719156
15.41	3.70616	0.7181
15.42	3.72991	0.71713
15.43	3.75384	0.716247
15.44	3.77793	0.715452
15.45	3.8022	0.714745
15.46	3.82663	0.714125
15.47	3.85123	0.713594
15.48	3.876	0.713151
15.49	3.90094	0.712798
15.5	3.92605	0.712535
15.51	3.95132	0.712361
15.52	3.97676	0.712278
15.53	4.00237	0.712287
15.54	4.02814	0.712387
15.55	4.05407	0.71258
15.56	4.08017	0.712865
15.57	4.10643	0.713245
15.58	4.13285	0.713718
15.59	4.15943	0.714287
15.6	4.18616	0.714952
15.61	4.21306	0.715714
15.62	4.24012	0.716573
15.63	4.26733	0.717531
15.64	4.29469	0.718588
15.65	4.32221	0.719746
15.66	4.34987	0.721005
15.67	4.37769	0.722366
15.68	4.40566	0.723832
15.69	4.43377	0.725401
15.7	4.46202	0.727077
15.71	4.49042	0.72886
15.72	4.51896	0.730751
15.73	4.54764	0.732752
15.74	4.57646	0.734864
15.75	4.60541	0.737089
15.76	4.63449	0.739427
15.77	4.6637	0.741881
15.78	4.69303	0.744452
15.79	4.7225	0.747141
15.8	4.75208	0.749951
15.81	4.78178	0.752882
15.82	4.8116	0.755937
15.83	4.84153	0.759118
15.84	4.87157	0.762426
15.85	4.90171	0.765863
15.86	4.93196	0.769432
15.87	4.9623	0.773134
15.88	4.99274	0.776972
15.89	5.02328	0.780947
15.9	5.05389	0.785062
15.91	5.08459	0.78932
15.92	5.11537	0.793722
15.93	5.14623	0.798271
15.94	5.17715	0.802969
15.95	5.20813	0.80782
15.96	5.23918	0.812825
15.97	5.27028	0.817987
15.98	5.30143	0.82331
15.99	5.33262	0.828796
16	5.36384	0.834448
16.01	5.3951	0.840268
16.02	5.42639	0.846261
16.03	5.45769	0.852429
16.04	5.48901	0.858775
16.05	5.52033	0.865303
16.06	5.55165	0.872017
16.07	5.58296	0.878918
16.08	5.61425	0.886012
16.09	5.64552	0.893302
16.1	5.67676	0.900791
16.11	5.70796	0.908484
16.12	5.73911	0.916384
16.13	5.77021	0.924495
16.14	5.80124	0.932821
16.15	5.83219	0.941367
16.16	5.86306	0.950136
16.17	5.89384	0.959133
16.18	5.92452	0.968362
16.19	5.95507	0.977828
16.2	5.98551	0.987536
16.21	6.01581	0.997489
16.22	6.04597	1.00769
16.23	6.07596	1.01815
16.24	6.10579	1.02887
16.25	6.13544	1.03986
16.26	6.16489	1.05111
16.27	6.19414	1.06265
16.28	6.22317	1.07446
16.29	6.25197	1.08656
16.3	6.28053	1.09895
16.31	6.30882	1.11163
16.32	6.33684	1.12462
16.33	6.36458	1.13792
16.34	6.39201	1.15153
16.35	6.41913	1.16546
16.36	6.44592	1.17971
16.37	6.47235	1.19429
16.38	6.49843	1.20921
16.39	6.52412	1.22447
16.4	6.54942	1.24008
16.41	6.57431	1.25604
16.42	6.59876	1.27236
16.43	6.62277	1.28905
16.44	6.64631	1.3061
16.45	6.66937	1.32354
16.46	6.69193	1.34135
16.47	6.71397	1.35955
16.48	6.73547	1.37815
16.49	6.75641	1.39714
16.5	6.77677	1.41654
16.51	6.79654	1.43635
16.52	6.8157	1.45657
16.53	6.83422	1.47721
16.54	6.85208	1.49827
16.55	6.86927	1.51977
16.56	6.88577	1.5417
16.57	6.90154	1.56406
16.58	6.91659	1.58687
16.59	6.93087	1.61013
16.6	6.94439	1.63383
16.61	6.9571	1.65799
16.62	6.969	1.6826
16.63	6.98006	1.70767
16.64	6.99026	1.7332
16.65	6.99958	1.7592
16.66	7.00801	1.78566
16.67	7.01552	1.81258
16.68	7.0221	1.83997
16.69	7.02771	1.86782
16.7	7.03236	1.89614
16.71	7.03601	1.92493
16.72	7.03865	1.95417
16.73	7.04026	1.98388
16.74	7.04083	2.01404
16.75	7.04034	2.04466
16.76	7.03877	2.07573
16.77	7.0361	2.10724
16.78	7.03233	2.13919
16.79	7.02743	2.17157
16.8	7.02141	2.20437
16.81	7.01423	2.2376
16.82	7.0059	2.27123
16.83	6.9964	2.30525
16.84	6.98572	2.33967
16.85	6.97385	2.37446
16.86	6.9608	2.40961
16.87	6.94654	2.44511
16.88	6.93108	2.48094
16.89	6.91441	2.51709
16.9	6.89654	2.55355
16.91	6.87745	2.59029
16.92	6.85715	2.62729
16.93	6.83564	2.66454
16.94	6.81293	2.70202
16.95	6.78902	2.7397
16.96	6.76391	2.77756
16.97	6.73761	2.81558
16.98	6.71014	2.85373
16.99	6.68149	2.89199
17	6.65169	2.93034
17.01	6.62075	2.96873
17.02	6.58868	3.00716
17.03	6.5555	3.04558
17.04	6.52123	3.08398
17.05	6.48589	3.12231
17.06	6.44949	3.16055
17.07	6.41207	3.19867
17.08	6.37364	3.23663
17.09	6.33423	3.2744
17.1	6.29387	3.31196
17.11	6.25258	3.34926
17.12	6.2104	3.38628
17.13	6.16735	3.42297
17.14	6.12347	3.45932
17.15	6.07879	3.49527
17.16	6.03334	3.53081
17.17	5.98716	3.56589
17.18	5.94029	3.60048
17.19	5.89275	3.63456
17.2	5.84459	3.66808
17.21	5.79585	3.70102
17.22	5.74655	3.73334
17.23	5.69675	3.76501
17.24	5.64647	3.796
17.25	5.59577	3.82629
17.26	5.54467	3.85584
17.27	5.49322	3.88463
17.28	5.44146	3.91263
17.29	5.38942	3.93981
17.3	5.33715	3.96615
17.31	5.28468	3.99163
17.32	5.23205	4.01622
17.33	5.17931	4.0399
17.34	5.12648	4.06265
17.35	5.07361	4.08446
17.36	5.02073	4.10531
17.37	4.96788	4.12517
17.38	4.91509	4.14405
17.39	4.8624	4.16192
17.4	4.80984	4.17877
17.41	4.75744	4.1946
17.42	4.70524	4.20939
17.43	4.65326	4.22314
17.44	4.60154	4.23584
17.45	4.5501	4.24749
17.46	4.49897	4.25809
17.47	4.44817	4.26763
17.48	4.39774	4.27611
17.49	4.34769	4.28355
17.5	4.29805	4.28993
17.51	4.24884	4.29527
17.52	4.20007	4.29957
17.53	4.15178	4.30283
17.54	4.10398	4.30507
17.55	4.05668	4.30629
17.56	4.0099	4.3065
17.57	3.96366	4.30572
17.58	3.91796	4.30395
17.59	3.87283	4.30121
17.6	3.82827	4.29752
17.61	3.78429	4.29289
17.62	3.7409	4.28732
17.63	3.69812	4.28085
17.64	3.65595	4.27349
17.65	3.61439	4.26525
17.66	3.57345	4.25615
17.67	3.53314	4.24622
17.68	3.49346	4.23546
17.69	3.45441	4.22391
17.7	3.416	4.21157
17.71	3.37822	4.19848
17.72	3.34109	4.18465
17.73	3.30459	4.1701
17.74	3.26874	4.15485
17.75	3.23352	4.13893
17.76	3.19894	4.12235
17.77	3.16499	4.10514
17.78	3.13168	4.08732
17.79	3.09899	4.0689
17.8	3.06694	4.04992
17.81	3.0355	4.03039
17.82	3.00469	4.01033
17.83	2.97448	3.98977
17.84	2.94489	3.96872
17.85	2.9159	3.94721
17.86	2.88751	3.92525
17.87	2.85972	3.90287
17.88	2.83251	3.88009
17.89	2.80588	3.85692
17.9	2.77983	3.83339
17.91	2.75435	3.80952
17.92	2.72943	3.78532
17.93	2.70506	3.76081
17.94	2.68125	3.73601
17.95	2.65797	3.71094
17.96	2.63524	3.68562
17.97	2.61303	3.66006
17.98	2.59134	3.63428
17.99	2.57016	3.6083
18	2.54949	3.58213
18.01	2.52933	3.55579
18.02	2.50965	3.52929
18.03	2.49046	3.50265
18.04	2.47175	3.47589
18.05	2.45351	3.44901
18.06	2.43573	3.42204
18.07	2.41841	3.39497
18.08	2.40155	3.36784
18.09	2.38512	3.34065
18.1	2.36913	3.31341
18.11	2.35358	3.28613
18.12	2.33844	3.25883
18.13	2.32372	3.23152
18.14	2.30941	3.2042
18.15	2.29551	3.17689
18.16	2.282	3.1496
18.17	2.26888	3.12234
18.18	2.25615	3.09512
18.19	2.2438	3.06794
18.2	2.23182	3.04082
18.21	2.2202	3.01376
18.22	2.20895	2.98677
18.23	2.19805	2.95986
18.24	2.1875	2.93303
18.25	2.1773	2.9063
18.26	2.16743	2.87967
18.27	2.1579	2.85315
18.28	2.14869	2.82674
18.29	2.13981	2.80045
18.3	2.13124	2.77428
18.31	2.12299	2.74824
18.32	2.11505	2.72234
18.33	2.10741	2.69658
18.34	2.10007	2.67096
18.35	2.09303	2.6455
18.36	2.08627	2.62018
18.37	2.0798	2.59503
18.38	2.07361	2.57003
18.39	2.0677	2.5452
18.4	2.06207	2.52054
18.41	2.0567	2.49605
18.42	2.0516	2.47173
18.43	2.04676	2.44759
18.44	2.04218	2.42363
18.45	2.03785	2.39986
18.46	2.03378	2.37626
18.47	2.02995	2.35286
18.48	2.02637	2.32964
18.49	2.02303	2.30661
18.5	2.01993	2.28377
18.51	2.01707	2.26113
18.52	2.01443	2.23868
18.53	2.01203	2.21643
18.54	2.00985	2.19437
18.55	2.0079	2.17252
18.56	2.00617	2.15086
18.57	2.00465	2.1294
18.58	2.00336	2.10814
18.59	2.00227	2.08708
18.6	2.0014	2.06623
18.61	2.00074	2.04557
18.62	2.00028	2.02512
18.63	2.00003	2.00487
18.64	1.99998	1.98482
18.65	2.00013	1.96497
18.66	2.00048	1.94533
18.67	2.00103	1.92589
18.68	2.00177	1.90664
18.69	2.00271	1.8876
18.7	2.00383	1.86876
18.71	2.00515	1.85012
18.72	2.00665	1.83168
18.73	2.00834	1.81344
18.74	2.01021	1.7954
18.75	2.01227	1.77756
18.76	2.01451	1.75991
18.77	2.01692	1.74246
18.78	2.01952	1.72521
18.79	2.0223	1.70815
18.8	2.02525	1.69128
18.81	2.02837	1.67461
18.82	2.03167	1.65813
18.83	2.03515	1.64184
18.84	2.03879	1.62574
18.85	2.04261	1.60983
18.86	2.04659	1.5941
18.87	2.05074	1.57857
18.88	2.05507	1.56322
18.89	2.05955	1.54805
18.9	2.06421	1.53307
18.91	2.06903	1.51826
18.92	2.07401	1.50364
18.93	2.07916	1.4892
18.94	2.08447	1.47494
18.95	2.08994	1.46085
18.96	2.09557	1.44694
18.97	2.10137	1.43321
18.98	2.10732	1.41964
18.99	2.11344	1.40625
19	2.11971	1.39303
19.01	2.12615	1.37998
19.02	2.13274	1.3671
19.03	2.13949	1.35438
19.04	2.14639	1.34183
19.05	2.15346	1.32944
19.06	2.16068	1.31721
19.07	2.16805	1.30515
19.08	2.17559	1.29324
19.09	2.18327	1.28149
19.1	2.19112	1.2699
19.11	2.19912	1.25847
19.12	2.20727	1.24719
19.13	2.21558	1.23606
19.14	2.22404	1.22508
19.15	2.23266	1.21426
19.16	2.24143	1.20358
19.17	2.25036	1.19305
19.18	2.25943	1.18267
19.19	2.26867	1.17243
19.2	2.27806	1.16234
19.21	2.2876	1.15238
19.22	2.29729	1.14257
19.23	2.30714	1.1329
19.24	2.31714	1.12337
19.25	2.3273	1.11397
19.26	2.33761	1.10472
19.27	2.34807	1.09559
19.28	2.35869	1.0866
19.29	2.36946	1.07774
19.3	2.38039	1.06901
19.31	2.39147	1.06042
19.32	2.40271	1.05195
19.33	2.4141	1.04361
19.34	2.42564	1.03539
19.35	2.43734	1.0273
19.36	2.44919	1.01934
19.37	2.4612	1.01149
19.38	2.47337	1.00377
19.39	2.48569	0.996171
19.4	2.49816	0.988691
19.41	2.51079	0.981329
19.42	2.52358	0.974085
19.43	2.53653	0.966957
19.44	2.54963	0.959945
19.45	2.56289	0.953047
19.46	2.5763	0.946263
19.47	2.58988	0.939591
19.48	2.60361	0.933031
19.49	2.6175	0.926581
19.5	2.63155	0.920241
19.51	2.64576	0.91401
19.52	2.66012	0.907887
19.53	2.67465	0.901871
19.54	2.68933	0.89596
19.55	2.70418	0.890155
19.56	2.71918	0.884455
19.57	2.73435	0.878858
19.58	2.74968	0.873363
19.59	2.76517	0.867971
19.6	2.78082	0.86268
19.61	2.79663	0.85749
19.62	2.81261	0.852399
19.63	2.82875	0.847407
19.64	2.84505	0.842513
19.65	2.86152	0.837717
19.66	2.87815	0.833018
19.67	2.89494	0.828416
19.68	2.9119	0.823909
19.69	2.92902	0.819497
19.7	2.94631	0.815179
19.71	2.96376	0.810956
19.72	2.98138	0.806825
19.73	2.99917	0.802788
19.74	3.01712	0.798843
19.75	3.03524	0.794989
19.76	3.05353	0.791227
19.77	3.07199	0.787556
19.78	3.09061	0.783975
19.79	3.1094	0.780484
19.8	3.12836	0.777082
19.81	3.14749	0.77377
19.82	3.16679	0.770546
19.83	3.18625	0.767411
19.84	3.20589	0.764364
19.85	3.2257	0.761405
19.86	3.24567	0.758533
19.87	3.26582	0.755749
19.88	3.28614	0.753051
19.89	3.30663	0.75044
19.9	3.32729	0.747916
19.91	3.34812	0.745478
19.92	3.36912	0.743127
19.93	3.39029	0.740861
19.94	3.41163	0.738682
19.95	3.43315	0.736588
19.96	3.45484	0.734581
19.97	3.4767	0.732659
19.98	3.49873	0.730822
19.99	3.52093	0.729072
20	3.5433	0.727407
20.01	3.56585	0.725828
20.02	3.58857	0.724335
20.03	3.61146	0.722927
20.04	3.63452	0.721606
20.05	3.65775	0.720372
20.06	3.68115	0.719223
20.07	3.70473	0.718161
20.08	3.72847	0.717186
20.09	3.75238	0.716298
20.1	3.77647	0.715498
20.11	3.80072	0.714785
20.12	3.82515	0.71416
20.13	3.84974	0.713623
20.14	3.8745	0.713176
20.15	3.89943	0.712817
20.16	3.92453	0.712548
20.17	3.94979	0.712369
20.18	3.97522	0.712281
20.19	4.00081	0.712284
20.2	4.02657	0.712378
20.21	4.0525	0.712565
20.22	4.07858	0.712845
20.23	4.10483	0.713219
20.24	4.13124	0.713687
20.25	4.15781	0.71425
20.26	4.18454	0.714909
20.27	4.21143	0.715665
20.28	4.23847	0.716518
20.29	4.26567	0.71747
20.3	4.29303	0.718521
20.31	4.32054	0.719673
20.32	4.34819	0.720926
20.33	4.376	0.722281
20.34	4.40396	0.72374
20.35	4.43206	0.725304
20.36	4.46031	0.726973
20.37	4.4887	0.728749
20.38	4.51723	0.730634
20.39	4.5459	0.732628
20.4	4.57471	0.734733
20.41	4.60365	0.736951
20.42	4.63272	0.739282
20.43	4.66193	0.741729
20.44	4.69126	0.744293
20.45	4.72071	0.746975
20.46	4.75029	0.749777
20.47	4.77998	0.752701
20.48	4.80979	0.755749
20.49	4.83971	0.758922
20.5	4.86975	0.762222
20.51	4.89988	0.765652
20.52	4.93013	0.769213
20.53	4.96046	0.772907
20.54	4.9909	0.776736
20.55	5.02143	0.780703
20.56	5.05204	0.784809
20.57	5.08273	0.789058
20.58	5.11351	0.793451
20.59	5.14436	0.797991
20.6	5.17528	0.802681
20.61	5.20626	0.807522
20.62	5.2373	0.812517
20.63	5.2684	0.81767
20.64	5.29954	0.822983
20.65	5.33073	0.828459
20.66	5.36195	0.834101
20.67	5.39321	0.839911
20.68	5.42449	0.845893
20.69	5.4558	0.852051
20.7	5.48711	0.858386
20.71	5.51843	0.864903
20.72	5.54975	0.871605
20.73	5.58106	0.878495
20.74	5.61236	0.885578
20.75	5.64363	0.892856
20.76	5.67487	0.900333
20.77	5.70608	0.908013
20.78	5.73723	0.9159
20.79	5.76833	0.923998
20.8	5.79936	0.932311
20.81	5.83032	0.940843
20.82	5.8612	0.949599
20.83	5.89198	0.958582
20.84	5.92266	0.967797
20.85	5.95323	0.977249
20.86	5.98367	0.986941
20.87	6.01398	0.99688
20.88	6.04415	1.00707
20.89	6.07415	1.01751
20.9	6.10399	1.02822
20.91	6.13365	1.03919
20.92	6.16312	1.05043
20.93	6.19238	1.06194
20.94	6.22142	1.07374
20.95	6.25024	1.08582
20.96	6.27881	1.09819
20.97	6.30712	1.11086
20.98	6.33516	1.12383
20.99	6.36291	1.1371
21	6.39036	1.15069
21.01	6.4175	1.1646
21.02	6.44431	1.17884
21.03	6.47076	1.1934
21.04	6.49686	1.2083
21.05	6.52258	1.22354
21.06	6.5479	1.23913
21.07	6.57281	1.25507
21.08	6.59729	1.27136
21.09	6.62133	1.28803
21.1	6.6449	1.30506
21.11	6.66799	1.32247
21.12	6.69058	1.34026
21.13	6.71265	1.35844
21.14	6.73418	1.37701
21.15	6.75516	1.39598
21.16	6.77556	1.41535
21.17	6.79537	1.43514
21.18	6.81456	1.45533
21.19	6.83312	1.47595
21.2	6.85102	1.49699
21.21	6.86825	1.51846
21.22	6.88479	1.54036
21.23	6.90061	1.5627
21.24	6.9157	1.58548
21.25	6.93003	1.60871
21.26	6.94359	1.63239
21.27	6.95635	1.65651
21.28	6.9683	1.6811
21.29	6.97941	1.70614
21.3	6.98967	1.73165
21.31	6.99904	1.75761
21.32	7.00753	1.78404
21.33	7.01509	1.81094
21.34	7.02172	1.8383
21.35	7.0274	1.86613
21.36	7.03211	1.89442
21.37	7.03582	1.92317
21.38	7.03852	1.95239
21.39	7.0402	1.98207
21.4	7.04083	2.01221
21.41	7.0404	2.04279
21.42	7.03889	2.07383
21.43	7.03629	2.10532
21.44	7.03259	2.13724
21.45	7.02776	2.1696
21.46	7.0218	2.20238
21.47	7.0147	2.23557
21.48	7.00643	2.26918
21.49	6.997	2.30318
21.5	6.9864	2.33757
21.51	6.97461	2.37234
21.52	6.96162	2.40747
21.53	6.94744	2.44295
21.54	6.93205	2.47876
21.55	6.91546	2.5149
21.56	6.89765	2.55133
21.57	6.87864	2.58806
21.58	6.85841	2.62505
21.59	6.83698	2.66228
21.6	6.81434	2.69974
21.61	6.7905	2.73741
21.62	6.76546	2.77526
21.63	6.73924	2.81327
21.64	6.71183	2.85142
21.65	6.68326	2.88967
21.66	6.65353	2.92801
21.67	6.62266	2.96641
21.68	6.59066	3.00483
21.69	6.55754	3.04326
21.7	6.52334	3.08166
21.71	6.48806	3.11999
21.72	6.45172	3.15824
21.73	6.41436	3.19636
21.74	6.37599	3.23434
21.75	6.33664	3.27212
21.76	6.29634	3.30969
21.77	6.2551	3.34701
21.78	6.21298	3.38405
21.79	6.16998	3.42076
21.8	6.12615	3.45713
21.81	6.08152	3.49311
21.82	6.03611	3.52867
21.83	5.98998	3.56378
21.84	5.94314	3.59841
21.85	5.89565	3.63251
21.86	5.84752	3.66607
21.87	5.79881	3.69904
21.88	5.74955	3.7314
21.89	5.69977	3.76311
21.9	5.64953	3.79415
21.91	5.59885	3.82448
21.92	5.54777	3.85408
21.93	5.49634	3.88291
21.94	5.4446	3.91096
21.95	5.39257	3.93819
21.96	5.34032	3.96458
21.97	5.28786	3.99011
21.98	5.23524	4.01475
21.99	5.1825	4.03849
22	5.12968	4.0613
22.01	5.07681	4.08317
22.02	5.02393	4.10407
22.03	4.97108	4.124
22.04	4.91829	4.14294
22.05	4.86559	4.16087
22.06	4.81302	4.17778
22.07	4.76061	4.19367
22.08	4.70839	4.20852
22.09	4.6564	4.22233
22.1	4.60466	4.2351
22.11	4.5532	4.24681
22.12	4.50205	4.25747
22.13	4.45123	4.26708
22.14	4.40078	4.27563
22.15	4.3507	4.28313
22.16	4.30104	4.28958
22.17	4.2518	4.29498
22.18	4.20301	4.29934
22.19	4.15469	4.30266
22.2	4.10686	4.30496
22.21	4.05953	4.30624
22.22	4.01271	4.30651
22.23	3.96644	4.30579
22.24	3.92071	4.30409
22.25	3.87554	4.30141
22.26	3.83094	4.29777
22.27	3.78693	4.29319
22.28	3.74351	4.28769
22.29	3.70069	4.28127
22.3	3.65848	4.27396
22.31	3.61688	4.26577
22.32	3.57591	4.25673
22.33	3.53556	4.24684
22.34	3.49584	4.23614
22.35	3.45675	4.22463
22.36	3.4183	4.21234
22.37	3.38049	4.19929
22.38	3.34332	4.18551
22.39	3.30678	4.171
22.4	3.27089	4.15579
22.41	3.23563	4.13991
22.42	3.20101	4.12337
22.43	3.16703	4.1062
22.44	3.13368	4.08841
22.45	3.10095	4.07003
22.46	3.06886	4.05109
22.47	3.03739	4.03159
22.48	3.00653	4.01156
22.49	2.97629	3.99103
22.5	2.94666	3.97001
22.51	2.91764	3.94852
22.52	2.88921	3.92659
22.53	2.86138	3.90424
22.54	2.83414	3.88148
22.55	2.80748	3.85834
22.56	2.78139	3.83483
22.57	2.75587	3.81097
22.58	2.73092	3.78679
22.59	2.70652	3.7623
22.6	2.68267	3.73752
22.61	2.65937	3.71246
22.62	2.6366	3.68716
22.63	2.61435	3.66161
22.64	2.59263	3.63585
22.65	2.57143	3.60988
22.66	2.55073	3.58372
22.67	2.53053	3.55739
22.68	2.51083	3.5309
22.69	2.49161	3.50427
22.7	2.47287	3.47751
22.71	2.4546	3.45064
22.72	2.4368	3.42367
22.73	2.41945	3.39661
22.74	2.40255	3.36948
22.75	2.3861	3.34229
22.76	2.37009	3.31506
22.77	2.3545	3.28778
22.78	2.33934	3.26048
22.79	2.3246	3.23317
22.8	2.31027	3.20585
22.81	2.29634	3.17854
22.82	2.28281	3.15125
22.83	2.26967	3.12399
22.84	2.25691	3.09676
22.85	2.24453	3.06958
22.86	2.23253	3.04245
22.87	2.22089	3.01539
22.88	2.20962	2.9884
22.89	2.1987	2.96148
22.9	2.18813	2.93465
22.91	2.1779	2.90792
22.92	2.16802	2.88128
22.93	2.15846	2.85475
22.94	2.14924	2.82833
22.95	2.14034	2.80203
22.96	2.13175	2.77586
22.97	2.12348	2.74982
22.98	2.11552	2.72391
22.99	2.10787	2.69814
23	2.10051	2.67251
23.01	2.09345	2.64703
23.02	2.08667	2.62171
23.03	2.08019	2.59654
23.04	2.07398	2.57154
23.05	2.06805	2.5467
23.06	2.0624	2.52203
23.07	2.05702	2.49753
23.08	2.0519	2.4732
23.09	2.04705	2.44905
23.1	2.04245	2.42508
23.11	2.03811	2.40129
23.12	2.03402	2.37768
23.13	2.03018	2.35427
23.14	2.02658	2.33104
23.15	2.02323	2.308
23.16	2.02011	2.28515
23.17	2.01723	2.26249
23.18	2.01458	2.24003
23.19	2.01217	2.21777
23.2	2.00998	2.1957
23.21	2.00801	2.17383
23.22	2.00626	2.15216
23.23	2.00474	2.13069
23.24	2.00343	2.10942
23.25	2.00233	2.08835
23.26	2.00145	2.06748
23.27	2.00077	2.04682
23.28	2.0003	2.02635
23.29	2.00004	2.00609
23.3	1.99998	1.98603
23.31	2.00012	1.96617
23.32	2.00046	1.94651
23.33	2.00099	1.92706
23.34	2.00172	1.9078
23.35	2.00264	1.88875
23.36	2.00376	1.8699
23.37	2.00506	1.85125
23.38	2.00655	1.83279
23.39	2.00823	1.81454
23.4	2.01009	1.79649
23.41	2.01214	1.77863
23.42	2.01437	1.76097
23.43	2.01677	1.74351
23.44	2.01936	1.72625
23.45	2.02212	1.70917
23.46	2.02506	1.6923
23.47	2.02818	1.67561
23.48	2.03147	1.65912
23.49	2.03493	1.64282
23.5	2.03857	1.62671
23.51	2.04237	1.61078
23.52	2.04635	1.59505
23.53	2.05049	1.5795
23.54	2.0548	1.56414
23.55	2.05928	1.54896
23.56	2.06392	1.53397
23.57	2.06873	1.51915
23.58	2.0737	1.50452
23.59	2.07884	1.49007
23.6	2.08414	1.4758
23.61	2.0896	1.4617
23.62	2.09523	1.44778
23.63	2.10101	1.43403
23.64	2.10696	1.42046
23.65	2.11307	1.40706
23.66	2.11933	1.39383
23.67	2.12575	1.38076
23.68	2.13233	1.36787
23.69	2.13907	1.35514
23.7	2.14597	1.34258
23.71	2.15303	1.33018
23.72	2.16024	1.31795
23.73	2.1676	1.30587
23.74	2.17513	1.29396
23.75	2.1828	1.2822
23.76	2.19064	1.2706
23.77	2.19863	1.25915
23.78	2.20677	1.24787
23.79	2.21507	1.23673
23.8	2.22352	1.22574
23.81	2.23213	1.21491
23.82	2.24089	1.20422
23.83	2.24981	1.19368
23.84	2.25888	1.18329
23.85	2.26811	1.17305
23.86	2.27748	1.16294
23.87	2.28702	1.15298
23.88	2.2967	1.14316
23.89	2.30654	1.13348
23.9	2.31653	1.12394
23.91	2.32668	1.11454
23.92	2.33698	1.10527
23.93	2.34744	1.09614
23.94	2.35805	1.08714
23.95	2.36881	1.07827
23.96	2.37973	1.06954
23.97	2.3908	1.06093
23.98	2.40202	1.05246
23.99	2.4134	1.04411
24	2.42494	1.03588
24.01	2.43663	1.02779
24.02	2.44847	1.01981
24.03	2.46047	1.01196
24.04	2.47263	1.00424
24.05	2.48494	0.996628
24.06	2.4974	0.98914
24.07	2.51003	0.981771
24.08	2.52281	0.97452
24.09	2.53574	0.967385
24.1	2.54883	0.960366
24.11	2.56208	0.953461
24.12	2.57549	0.94667
24.13	2.58905	0.939992
24.14	2.60277	0.933425
24.15	2.61666	0.926968
24.16	2.63069	0.920622
24.17	2.64489	0.914384
24.18	2.65925	0.908254
24.19	2.67376	0.902232
24.2	2.68844	0.896315
24.21	2.70328	0.890504
24.22	2.71827	0.884797
24.23	2.73343	0.879193
24.24	2.74875	0.873693
24.25	2.76423	0.868295
24.26	2.77987	0.862997
24.27	2.79567	0.857801
24.28	2.81164	0.852704
24.29	2.82777	0.847706
24.3	2.84406	0.842806
24.31	2.86052	0.838005
24.32	2.87713	0.8333
24.33	2.89392	0.828691
24.34	2.91087	0.824179
24.35	2.92798	0.819761
24.36	2.94526	0.815438
24.37	2.9627	0.811208
24.38	2.98031	0.807073
24.39	2.99809	0.803029
24.4	3.01603	0.799079
24.41	3.03414	0.79522
24.42	3.05242	0.791452
24.43	3.07087	0.787775
24.44	3.08948	0.784189
24.45	3.10826	0.780692
24.46	3.12721	0.777285
24.47	3.14633	0.773968
24.48	3.16561	0.770739
24.49	3.18507	0.767598
24.5	3.2047	0.764546
24.51	3.22449	0.761581
24.52	3.24446	0.758704
24.53	3.2646	0.755915
24.54	3.2849	0.753212
24.55	3.30538	0.750596
24.56	3.32603	0.748066
24.57	3.34685	0.745623
24.58	3.36784	0.743267
24.59	3.389	0.740996
24.6	3.41034	0.738811
24.61	3.43184	0.736713
24.62	3.45352	0.7347
24.63	3.47537	0.732772
24.64	3.49739	0.730931
24.65	3.51958	0.729175
24.66	3.54195	0.727505
24.67	3.56448	0.725921
24.68	3.58719	0.724423
24.69	3.61007	0.72301
24.7	3.63312	0.721684
24.71	3.65634	0.720444
24.72	3.67973	0.71929
24.73	3.70329	0.718223
24.74	3.72703	0.717243
24.75	3.75093	0.71635
24.76	3.77501	0.715544
24.77	3.79925	0.714825
24.78	3.82367	0.714195
24.79	3.84825	0.713653
24.8	3.873	0.7132
24.81	3.89792	0.712836
24.82	3.923	0.712562
24.83	3.94826	0.712377
24.84	3.97368	0.712284
24.85	3.99926	0.712281
24.86	4.02501	0.71237
24.87	4.05092	0.712551
24.88	4.077	0.712826
24.89	4.10324	0.713194
24.9	4.12964	0.713656
24.91	4.1562	0.714213
24.92	4.18292	0.714867
24.93	4.2098	0.715616
24.94	4.23683	0.716464
24.95	4.26402	0.71741
24.96	4.29137	0.718455
24.97	4.31887	0.7196
24.98	4.34652	0.720847
24.99	4.37432	0.722196
25	4.40226	0.723649
25.01	4.43036	0.725206
25.02	4.4586	0.726869
25.03	4.48698	0.728639
25.04	4.5155	0.730517
25.05	4.54416	0.732504
25.06	4.57296	0.734603
25.07	4.6019	0.736814
25.08	4.63096	0.739138
25.09	4.66016	0.741578
25.1	4.68948	0.744134
25.11	4.71892	0.746809
25.12	4.74849	0.749604
25.13	4.77818	0.752521
25.14	4.80798	0.755561
25.15	4.8379	0.758726
25.16	4.86793	0.762019
25.17	4.89806	0.765441
25.18	4.92829	0.768993
25.19	4.95863	0.772679
25.2	4.98906	0.7765
25.21	5.01958	0.780459
25.22	5.05018	0.784557
25.23	5.08088	0.788797
25.24	5.11164	0.793181
25.25	5.14249	0.797712
25.26	5.1734	0.802393
25.27	5.20438	0.807224
25.28	5.23542	0.812211
25.29	5.26651	0.817354
25.3	5.29765	0.822657
25.31	5.32884	0.828123
25.32	5.36006	0.833755
25.33	5.39132	0.839555
25.34	5.4226	0.845527
25.35	5.4539	0.851673
25.36	5.48522	0.857998
25.37	5.51654	0.864504
25.38	5.54786	0.871194
25.39	5.57917	0.878073
25.4	5.61047	0.885144
25.41	5.64174	0.89241
25.42	5.67299	0.899875
25.43	5.70419	0.907542
25.44	5.73535	0.915417
25.45	5.76645	0.923502
25.46	5.79749	0.931802
25.47	5.82845	0.940321
25.48	5.85933	0.949063
25.49	5.89012	0.958032
25.5	5.92081	0.967233
25.51	5.95138	0.97667
25.52	5.98183	0.986348
25.53	6.01215	0.996271
25.54	6.04233	1.00644
25.55	6.07234	1.01687
25.56	6.10219	1.02756
25.57	6.13186	1.03851
25.58	6.16134	1.04974
25.59	6.19061	1.06124
25.6	6.21967	1.07301
25.61	6.2485	1.08508
25.62	6.27708	1.09743
25.63	6.30541	1.11008
25.64	6.33347	1.12303
25.65	6.36124	1.13629
25.66	6.38871	1.14986
25.67	6.41587	1.16375
25.68	6.44269	1.17797
25.69	6.46917	1.19251
25.7	6.49529	1.20739
25.71	6.52103	1.22261
25.72	6.54638	1.23817
25.73	6.57132	1.25409
25.74	6.59583	1.27037
25.75	6.61989	1.28701
25.76	6.64349	1.30402
25.77	6.66661	1.32141
25.78	6.68923	1.33917
25.79	6.71133	1.35733
25.8	6.73289	1.37588
25.81	6.7539	1.39482
25.82	6.77434	1.41417
25.83	6.79418	1.43393
25.84	6.81341	1.4541
25.85	6.83201	1.47469
25.86	6.84996	1.4957
25.87	6.86723	1.51715
25.88	6.88381	1.53902
25.89	6.89967	1.56133
25.9	6.91481	1.58409
25.91	6.92919	1.60729
25.92	6.94279	1.63094
25.93	6.9556	1.65504
25.94	6.9676	1.6796
25.95	6.97876	1.70462
25.96	6.98907	1.73009
25.97	6.9985	1.75603
25.98	7.00704	1.78243
25.99	7.01466	1.8093
26	7.02135	1.83663
26.01	7.02709	1.86443
26.02	7.03185	1.89269
26.03	7.03562	1.92142
26.04	7.03839	1.95061
26.05	7.04012	1.98026
26.06	7.04082	2.01037
26.07	7.04045	2.04093
26.08	7.03901	2.07194
26.09	7.03648	2.1034
26.1	7.03284	2.1353
26.11	7.02809	2.16763
26.12	7.0222	2.20038
26.13	7.01516	2.23355
26.14	7.00697	2.26713
26.15	6.99761	2.30111
26.16	6.98707	2.33548
26.17	6.97535	2.37023
26.18	6.96244	2.40534
26.19	6.94833	2.44079
26.2	6.93302	2.47659
26.21	6.9165	2.5127
26.22	6.89876	2.54912
26.23	6.87982	2.58583
26.24	6.85967	2.6228
26.25	6.83831	2.66002
26.26	6.81574	2.69747
26.27	6.79197	2.73513
26.28	6.76701	2.77297
26.29	6.74086	2.81097
26.3	6.71352	2.84911
26.31	6.68502	2.88736
26.32	6.65536	2.92569
26.33	6.62456	2.96409
26.34	6.59262	3.00251
26.35	6.55958	3.04094
26.36	6.52544	3.07933
26.37	6.49022	3.11768
26.38	6.45395	3.15593
26.39	6.41665	3.19406
26.4	6.37834	3.23204
26.41	6.33905	3.26984
26.42	6.2988	3.30743
26.43	6.25762	3.34476
26.44	6.21555	3.38182
26.45	6.17261	3.41855
26.46	6.12882	3.45494
26.47	6.08424	3.49094
26.48	6.03888	3.52653
26.49	5.99279	3.56167
26.5	5.946	3.59633
26.51	5.89854	3.63046
26.52	5.85045	3.66405
26.53	5.80177	3.69706
26.54	5.75254	3.72946
26.55	5.7028	3.76121
26.56	5.65258	3.79229
26.57	5.60193	3.82267
26.58	5.55087	3.85231
26.59	5.49946	3.88119
26.6	5.44774	3.90928
26.61	5.39573	3.93657
26.62	5.34348	3.96301
26.63	5.29104	3.98859
26.64	5.23843	4.01329
26.65	5.1857	4.03708
26.66	5.13288	4.05995
26.67	5.08001	4.08187
26.68	5.02713	4.10284
26.69	4.97427	4.12282
26.7	4.92148	4.14182
26.71	4.86877	4.15981
26.72	4.81619	4.17679
26.73	4.76377	4.19274
26.74	4.71155	4.20765
26.75	4.65954	4.22153
26.76	4.60778	4.23436
26.77	4.55631	4.24614
26.78	4.50514	4.25686
26.79	4.4543	4.26653
26.8	4.40382	4.27514
26.81	4.35372	4.2827
26.82	4.30403	4.28922
26.83	4.25477	4.29468
26.84	4.20595	4.2991
26.85	4.1576	4.30249
26.86	4.10974	4.30485
26.87	4.06237	4.30619
26.88	4.01553	4.30653
26.89	3.96922	4.30586
26.9	3.92346	4.30422
26.91	3.87826	4.3016
26.92	3.83363	4.29802
26.93	3.78958	4.2935
26.94	3.74612	4.28805
26.95	3.70326	4.28168
26.96	3.66102	4.27443
26.97	3.61938	4.26629
26.98	3.57837	4.2573
26.99	3.53798	4.24746
27	3.49822	4.23681
27.01	3.4591	4.22535
27.02	3.42061	4.21311
27.03	3.38276	4.20011
27.04	3.34555	4.18636
27.05	3.30898	4.1719
27.06	3.27304	4.15673
27.07	3.23775	4.14089
27.08	3.20309	4.12439
27.09	3.16907	4.10726
27.1	3.13568	4.08951
27.11	3.10292	4.07116
27.12	3.07078	4.05225
27.13	3.03927	4.03278
27.14	3.00838	4.01279
27.15	2.9781	3.99228
27.16	2.94844	3.97129
27.17	2.91938	3.94984
27.18	2.89092	3.92793
27.19	2.86305	3.9056
27.2	2.83577	3.88287
27.21	2.80907	3.85975
27.22	2.78295	3.83626
27.23	2.7574	3.81242
27.24	2.73241	3.78826
27.25	2.70798	3.76379
27.26	2.6841	3.73903
27.27	2.66076	3.71399
27.28	2.63796	3.68869
27.29	2.61569	3.66316
27.3	2.59393	3.63741
27.31	2.5727	3.61145
27.32	2.55197	3.5853
27.33	2.53174	3.55898
27.34	2.51201	3.5325
27.35	2.49276	3.50588
27.36	2.47399	3.47913
27.37	2.45569	3.45227
27.38	2.43786	3.4253
27.39	2.42049	3.39825
27.4	2.40356	3.37113
27.41	2.38709	3.34394
27.42	2.37105	3.3167
27.43	2.35544	3.28943
27.44	2.34025	3.26213
27.45	2.32548	3.23482
27.46	2.31112	3.20751
27.47	2.29717	3.1802
27.48	2.28361	3.1529
27.49	2.27045	3.12564
27.5	2.25767	3.09841
27.51	2.24527	3.07122
27.52	2.23325	3.04409
27.53	2.22159	3.01703
27.54	2.21029	2.99003
27.55	2.19935	2.96311
27.56	2.18876	2.93627
27.57	2.17851	2.90953
27.58	2.16861	2.88289
27.59	2.15903	2.85635
27.6	2.14979	2.82993
27.61	2.14087	2.80362
27.62	2.13226	2.77744
27.63	2.12398	2.75139
27.64	2.116	2.72547
27.65	2.10832	2.69969
27.66	2.10094	2.67406
27.67	2.09386	2.64857
27.68	2.08707	2.62324
27.69	2.08057	2.59806
27.7	2.07435	2.57305
27.71	2.06841	2.5482
27.72	2.06274	2.52351
27.73	2.05734	2.499
27.74	2.0522	2.47466
27.75	2.04733	2.4505
27.76	2.04272	2.42652
27.77	2.03836	2.40272
27.78	2.03426	2.37911
27.79	2.0304	2.35568
27.8	2.02679	2.33244
27.81	2.02342	2.30939
27.82	2.02029	2.28653
27.83	2.0174	2.26386
27.84	2.01474	2.24139
27.85	2.01231	2.21911
27.86	2.0101	2.19703
27.87	2.00812	2.17515
27.88	2.00636	2.15347
27.89	2.00482	2.13199
27.9	2.0035	2.1107
27.91	2.00239	2.08962
27.92	2.00149	2.06874
27.93	2.00081	2.04806
27.94	2.00033	2.02759
27.95	2.00005	2.00731
27.96	1.99998	1.98724
27.97	2.0001	1.96737
27.98	2.00043	1.9477
27.99	2.00095	1.92823
28	2.00167	1.90896
28.01	2.00258	1.8899
28.02	2.00369	1.87103
28.03	2.00498	1.85237
28.04	2.00646	1.83391
28.05	2.00812	1.81564
28.06	2.00998	1.79757
28.07	2.01201	1.77971
28.08	2.01423	1.76204
28.09	2.01662	1.74456
28.1	2.0192	1.72728
28.11	2.02195	1.7102
28.12	2.02488	1.69331
28.13	2.02799	1.67662
28.14	2.03126	1.66011
28.15	2.03472	1.6438
28.16	2.03834	1.62768
28.17	2.04214	1.61174
28.18	2.0461	1.596
28.19	2.05023	1.58044
28.2	2.05453	1.56506
28.21	2.059	1.54987
28.22	2.06364	1.53487
28.23	2.06844	1.52005
28.24	2.0734	1.5054
28.25	2.07853	1.49094
28.26	2.08382	1.47666
28.27	2.08927	1.46255
28.28	2.09488	1.44862
28.29	2.10066	1.43486
28.3	2.1066	1.42128
28.31	2.11269	1.40786
28.32	2.11895	1.39462
28.33	2.12536	1.38155
28.34	2.13193	1.36865
28.35	2.13866	1.35591
28.36	2.14555	1.34334
28.37	2.15259	1.33093
28.38	2.1598	1.31868
28.39	2.16715	1.3066
28.4	2.17467	1.29467
28.41	2.18234	1.28291
28.42	2.19016	1.2713
28.43	2.19814	1.25984
28.44	2.20628	1.24854
28.45	2.21456	1.2374
28.46	2.22301	1.2264
28.47	2.23161	1.21556
28.48	2.24036	1.20487
28.49	2.24927	1.19432
28.5	2.25833	1.18392
28.51	2.26754	1.17366
28.52	2.27691	1.16355
28.53	2.28643	1.15358
28.54	2.29611	1.14375
28.55	2.30594	1.13407
28.56	2.31593	1.12452
28.57	2.32606	1.1151
28.58	2.33635	1.10583
28.59	2.3468	1.09669
28.6	2.3574	1.08768
28.61	2.36815	1.07881
28.62	2.37906	1.07006
28.63	2.39012	1.06145
28.64	2.40134	1.05297
28.65	2.41271	1.04461
28.66	2.42423	1.03638
28.67	2.43592	1.02827
28.68	2.44775	1.02029
28.69	2.45974	1.01243
28.7	2.47189	1.0047
28.71	2.48419	0.997085
28.72	2.49664	0.98959
28.73	2.50926	0.982214
28.74	2.52203	0.974955
28.75	2.53495	0.967813
28.76	2.54804	0.960787
28.77	2.56128	0.953876
28.78	2.57467	0.947078
28.79	2.58823	0.940392
28.8	2.60194	0.933819
28.81	2.61581	0.927356
28.82	2.62984	0.921003
28.83	2.64403	0.914759
28.84	2.65838	0.908622
28.85	2.67288	0.902593
28.86	2.68755	0.89667
28.87	2.70237	0.890852
28.88	2.71736	0.885139
28.89	2.73251	0.879529
28.9	2.74782	0.874023
28.91	2.76329	0.868618
28.92	2.77892	0.863315
28.93	2.79471	0.858112
28.94	2.81067	0.853009
28.95	2.82679	0.848006
28.96	2.84307	0.8431
28.97	2.85952	0.838292
28.98	2.87612	0.833582
28.99	2.8929	0.828967
29	2.90984	0.824449
29.01	2.92694	0.820025
29.02	2.94421	0.815697
29.03	2.96164	0.811462
29.04	2.97924	0.80732
29.05	2.99701	0.803271
29.06	3.01494	0.799315
29.07	3.03304	0.795451
29.08	3.05131	0.791677
29.09	3.06974	0.787995
29.1	3.08835	0.784403
29.11	3.10712	0.780901
29.12	3.12606	0.777489
29.13	3.14517	0.774166
29.14	3.16444	0.770932
29.15	3.18389	0.767786
29.16	3.20351	0.764728
29.17	3.22329	0.761758
29.18	3.24325	0.758876
29.19	3.26337	0.756081
29.2	3.28367	0.753373
29.21	3.30414	0.750752
29.22	3.32478	0.748217
29.23	3.34559	0.745769
29.24	3.36657	0.743407
29.25	3.38772	0.741131
29.26	3.40904	0.738941
29.27	3.43054	0.736837
29.28	3.4522	0.734819
29.29	3.47404	0.732887
29.3	3.49605	0.73104
29.31	3.51823	0.729279
29.32	3.54059	0.727604
29.33	3.56311	0.726014
29.34	3.58581	0.724511
29.35	3.60868	0.723093
29.36	3.63172	0.721762
29.37	3.65493	0.720516
29.38	3.67831	0.719357
29.39	3.70186	0.718285
29.4	3.72559	0.7173
29.41	3.74948	0.716401
29.42	3.77355	0.71559
29.43	3.79778	0.714866
29.44	3.82218	0.714231
29.45	3.84676	0.713684
29.46	3.8715	0.713225
29.47	3.89641	0.712856
29.48	3.92148	0.712576
29.49	3.94672	0.712386
29.5	3.97213	0.712287
29.51	3.99771	0.712279
29.52	4.02345	0.712362
29.53	4.04935	0.712538
29.54	4.07542	0.712806
29.55	4.10165	0.713169
29.56	4.12804	0.713625
29.57	4.15459	0.714177
29.58	4.1813	0.714824
29.59	4.20817	0.715568
29.6	4.23519	0.71641
29.61	4.26238	0.71735
29.62	4.28971	0.718389
29.63	4.3172	0.719528
29.64	4.34484	0.720769
29.65	4.37263	0.722112
29.66	4.40057	0.723558
29.67	4.42865	0.725109
29.68	4.45688	0.726765
29.69	4.48526	0.728529
29.7	4.51377	0.7304
29.71	4.54243	0.732381
29.72	4.57122	0.734473
29.73	4.60014	0.736677
29.74	4.6292	0.738994
29.75	4.65839	0.741427
29.76	4.6877	0.743976
29.77	4.71714	0.746644
29.78	4.7467	0.749432
29.79	4.77638	0.752341
29.8	4.80618	0.755373
29.81	4.83609	0.758531
29.82	4.86611	0.761816
29.83	4.89623	0.76523
29.84	4.92646	0.768775
29.85	4.95679	0.772452
29.86	4.98721	0.776265
29.87	5.01773	0.780215
29.88	5.04833	0.784305
29.89	5.07902	0.788536
29.9	5.10978	0.792912
29.91	5.14062	0.797434
29.92	5.17153	0.802105
29.93	5.20251	0.806928
29.94	5.23354	0.811905
29.95	5.26463	0.817038
29.96	5.29577	0.822332
29.97	5.32695	0.827788
29.98	5.35817	0.833409
29.99	5.38943	0.839199
